COLOR 255 0 0
TRIANGLE 10 20 10 30 20 30
TRIANGLE 10 20 20 20 20 30
TRIANGLE 10 30 10 40 20 40
TRIANGLE 10 30 20 30 20 40
TRIANGLE 10 40 10 50 20 50
TRIANGLE 10 40 20 40 20 50
TRIANGLE 10 50 10 60 20 60
TRIANGLE 10 50 20 50 20 60
TRIANGLE 10 60 10 70 20 70
TRIANGLE 10 60 20 60 20 70
TRIANGLE 20 10 20 20 30 20
TRIANGLE 20 10 30 10 30 20
TRIANGLE 30 10 30 20 40 20
TRIANGLE 30 10 40 10 40 20
TRIANGLE 20 40 20 50 30 50
TRIANGLE 20 40 30 40 30 50
TRIANGLE 30 40 30 50 40 50
TRIANGLE 30 40 40 40 40 50
TRIANGLE 40 20 40 30 50 30
TRIANGLE 40 20 50 20 50 30
TRIANGLE 40 30 40 40 50 40
TRIANGLE 40 30 50 30 50 40
TRIANGLE 40 40 40 50 50 50
TRIANGLE 40 40 50 40 50 50
TRIANGLE 40 50 40 60 50 60
TRIANGLE 40 50 50 50 50 60
TRIANGLE 40 60 40 70 50 70
TRIANGLE 40 60 50 60 50 70
TRIANGLE 80 10 80 20 90 20
TRIANGLE 80 10 90 10 90 20
TRIANGLE 80 20 80 30 90 30
TRIANGLE 80 20 90 20 90 30
TRIANGLE 80 30 80 40 90 40
TRIANGLE 80 30 90 30 90 40
TRIANGLE 80 40 80 50 90 50
TRIANGLE 80 40 90 40 90 50
TRIANGLE 80 50 80 60 90 60
TRIANGLE 80 50 90 50 90 60
TRIANGLE 80 60 80 70 90 70
TRIANGLE 80 60 90 60 90 70
TRIANGLE 90 10 90 20 100 20
TRIANGLE 90 10 100 10 100 20
TRIANGLE 90 35 90 45 100 45
TRIANGLE 90 35 100 35 100 45
TRIANGLE 100 10 100 20 110 20
TRIANGLE 100 10 110 10 110 20
TRIANGLE 100 35 100 45 110 45
TRIANGLE 100 35 110 35 110 45
TRIANGLE 120 10 120 20 130 20
TRIANGLE 120 10 130 10 130 20
TRIANGLE 120 20 120 30 130 30
TRIANGLE 120 20 130 20 130 30
TRIANGLE 120 30 120 40 130 40
TRIANGLE 120 30 130 30 130 40
TRIANGLE 120 40 120 50 130 50
TRIANGLE 120 40 130 40 130 50
TRIANGLE 120 50 120 60 130 60
TRIANGLE 120 50 130 50 130 60
TRIANGLE 120 60 120 70 130 70
TRIANGLE 120 60 130 60 130 70
TRIANGLE 130 60 130 70 140 70
TRIANGLE 130 60 140 60 140 70
TRIANGLE 140 60 140 70 150 70
TRIANGLE 140 60 150 60 150 70
TRIANGLE 150 10 150 20 160 20
TRIANGLE 150 10 160 10 160 20
TRIANGLE 150 20 150 30 160 30
TRIANGLE 150 20 160 20 160 30
TRIANGLE 150 30 150 40 160 40
TRIANGLE 150 30 160 30 160 40
TRIANGLE 150 40 150 50 160 50
TRIANGLE 150 40 160 40 160 50
TRIANGLE 150 50 150 60 160 60
TRIANGLE 150 50 160 50 160 60
TRIANGLE 150 60 150 70 160 70
TRIANGLE 150 60 160 60 160 70
TRIANGLE 170 10 170 20 180 20
TRIANGLE 170 10 180 10 180 20
TRIANGLE 170 20 170 30 180 30
TRIANGLE 170 20 180 20 180 30
TRIANGLE 170 30 170 40 180 40
TRIANGLE 170 30 180 30 180 40
TRIANGLE 170 40 170 50 180 50
TRIANGLE 170 40 180 40 180 50
TRIANGLE 170 50 170 60 180 60
TRIANGLE 170 50 180 50 180 60
TRIANGLE 170 60 170 70 180 70
TRIANGLE 170 60 180 60 180 70
TRIANGLE 180 10 180 20 190 20
TRIANGLE 180 10 190 10 190 20
TRIANGLE 190 10 190 20 200 20
TRIANGLE 190 10 200 10 200 20
TRIANGLE 200 20 200 30 210 30
TRIANGLE 200 20 210 20 210 30
TRIANGLE 200 30 200 40 210 40
TRIANGLE 200 30 210 30 210 40
TRIANGLE 200 40 200 50 210 50
TRIANGLE 200 40 210 40 210 50
TRIANGLE 200 50 200 60 210 60
TRIANGLE 200 50 210 50 210 60
TRIANGLE 200 60 200 70 210 70
TRIANGLE 200 60 210 60 210 70
TRIANGLE 240 10 240 20 250 20
TRIANGLE 240 10 250 10 250 20
TRIANGLE 240 20 240 30 250 30
TRIANGLE 240 20 250 20 250 30
TRIANGLE 240 30 240 40 250 40
TRIANGLE 240 30 250 30 250 40
TRIANGLE 240 40 240 50 250 50
TRIANGLE 240 40 250 40 250 50
TRIANGLE 240 50 240 60 250 60
TRIANGLE 240 50 250 50 250 60
TRIANGLE 240 60 240 70 250 70
TRIANGLE 240 60 250 60 250 70
TRIANGLE 250 10 250 20 260 20
TRIANGLE 250 10 260 10 260 20
TRIANGLE 260 10 260 20 270 20
TRIANGLE 260 10 270 10 270 20
TRIANGLE 250 35 250 45 260 45
TRIANGLE 250 35 260 35 260 45
TRIANGLE 260 35 260 45 270 45
TRIANGLE 260 35 270 35 270 45
TRIANGLE 270 20 270 35 280 35
TRIANGLE 270 20 280 20 280 35
TRIANGLE 290 10 290 20 300 20
TRIANGLE 290 10 300 10 300 20
TRIANGLE 290 20 290 30 300 30
TRIANGLE 290 20 300 20 300 30
TRIANGLE 290 30 290 40 300 40
TRIANGLE 290 30 300 30 300 40
TRIANGLE 290 40 290 50 300 50
TRIANGLE 290 40 300 40 300 50
TRIANGLE 290 50 290 60 300 60
TRIANGLE 290 50 300 50 300 60
TRIANGLE 290 60 290 70 300 70
TRIANGLE 290 60 300 60 300 70
TRIANGLE 310 10 310 20 320 20
TRIANGLE 310 10 320 10 320 20
TRIANGLE 310 20 310 30 320 30
TRIANGLE 310 20 320 20 320 30
TRIANGLE 310 30 310 40 320 40
TRIANGLE 310 30 320 30 320 40
TRIANGLE 310 40 310 50 320 50
TRIANGLE 310 40 320 40 320 50
TRIANGLE 310 50 310 60 320 60
TRIANGLE 310 50 320 50 320 60
TRIANGLE 310 60 310 70 320 70
TRIANGLE 310 60 320 60 320 70
TRIANGLE 320 10 320 20 330 20
TRIANGLE 320 10 330 10 330 20
TRIANGLE 330 10 330 20 340 20
TRIANGLE 330 10 340 10 340 20
TRIANGLE 320 60 320 70 330 70
TRIANGLE 320 60 330 60 330 70
TRIANGLE 330 60 330 70 340 70
TRIANGLE 330 60 340 60 340 70
TRIANGLE 350 10 350 20 360 20
TRIANGLE 350 10 360 10 360 20
TRIANGLE 360 10 360 20 370 20
TRIANGLE 360 10 370 10 370 20
TRIANGLE 370 10 370 20 380 20
TRIANGLE 370 10 380 10 380 20
TRIANGLE 380 10 380 20 390 20
TRIANGLE 380 10 390 10 390 20
TRIANGLE 365 20 365 30 375 30
TRIANGLE 365 20 375 20 375 30
TRIANGLE 365 30 365 40 375 40
TRIANGLE 365 30 375 30 375 40
TRIANGLE 365 40 365 50 375 50
TRIANGLE 365 40 375 40 375 50
TRIANGLE 365 50 365 60 375 60
TRIANGLE 365 50 375 50 375 60
TRIANGLE 365 60 365 70 375 70
TRIANGLE 365 60 375 60 375 70
TRIANGLE 400 10 400 20 410 20
TRIANGLE 400 10 410 10 410 20
TRIANGLE 400 20 400 30 410 30
TRIANGLE 400 20 410 20 410 30
TRIANGLE 400 30 400 40 410 40
TRIANGLE 400 30 410 30 410 40
TRIANGLE 400 40 400 50 410 50
TRIANGLE 400 40 410 40 410 50
TRIANGLE 400 50 400 60 410 60
TRIANGLE 400 50 410 50 410 60
TRIANGLE 400 60 400 70 410 70
TRIANGLE 400 60 410 60 410 70
TRIANGLE 410 60 410 70 420 70
TRIANGLE 410 60 420 60 420 70
TRIANGLE 420 60 420 70 430 70
TRIANGLE 420 60 430 60 430 70
TRIANGLE 430 60 430 70 440 70
TRIANGLE 430 60 440 60 440 70
TRIANGLE 430 50 430 60 440 60
TRIANGLE 430 50 440 50 440 60
TRIANGLE 430 40 430 50 440 50
TRIANGLE 430 40 440 40 440 50
TRIANGLE 430 30 430 40 440 40
TRIANGLE 430 30 440 30 440 40
TRIANGLE 430 20 430 30 440 30
TRIANGLE 430 20 440 20 440 30
TRIANGLE 430 10 430 20 440 20
TRIANGLE 430 10 440 10 440 20
TRIANGLE 450 10 450 20 460 20
TRIANGLE 450 10 460 10 460 20
TRIANGLE 450 20 450 30 460 30
TRIANGLE 450 20 460 20 460 30
TRIANGLE 450 30 450 40 460 40
TRIANGLE 450 30 460 30 460 40
TRIANGLE 450 40 450 50 460 50
TRIANGLE 450 40 460 40 460 50
TRIANGLE 450 50 450 60 460 60
TRIANGLE 450 50 460 50 460 60
TRIANGLE 450 60 450 70 460 70
TRIANGLE 450 60 460 60 460 70
TRIANGLE 460 10 460 20 470 20
TRIANGLE 460 10 470 10 470 20
TRIANGLE 470 10 470 20 480 20
TRIANGLE 470 10 480 10 480 20
TRIANGLE 460 35 460 45 470 45
TRIANGLE 460 35 470 35 470 45
TRIANGLE 470 35 470 45 480 45
TRIANGLE 470 35 480 35 480 45
TRIANGLE 470 45 470 55 480 55
TRIANGLE 470 45 480 45 480 55
TRIANGLE 480 20 480 35 490 35
TRIANGLE 480 20 490 20 490 35
TRIANGLE 480 55 480 70 490 70
TRIANGLE 480 55 490 55 490 70
TRIANGLE 500 10 500 20 510 20
TRIANGLE 500 10 510 10 510 20
TRIANGLE 500 20 500 30 510 30
TRIANGLE 500 20 510 20 510 30
TRIANGLE 500 30 500 40 510 40
TRIANGLE 500 30 510 30 510 40
TRIANGLE 500 40 500 50 510 50
TRIANGLE 500 40 510 40 510 50
TRIANGLE 500 50 500 60 510 60
TRIANGLE 500 50 510 50 510 60
TRIANGLE 500 60 500 70 510 70
TRIANGLE 500 60 510 60 510 70
TRIANGLE 510 10 510 20 520 20
TRIANGLE 510 10 520 10 520 20
TRIANGLE 520 10 520 20 530 20
TRIANGLE 520 10 530 10 530 20
TRIANGLE 510 35 510 45 520 45
TRIANGLE 510 35 520 35 520 45
TRIANGLE 520 35 520 45 530 45
TRIANGLE 520 35 530 35 530 45
TRIANGLE 510 60 510 70 520 70
TRIANGLE 510 60 520 60 520 70
TRIANGLE 520 60 520 70 530 70
TRIANGLE 520 60 530 60 530 70
